PERMANENT
0
1
7
3
1
2
3
0
9.81
1
0
1
0
0
0
0
1
1
1
0
0
0
0
0
0
0
0
0
0
0
0
0
0
0
0
0
0
0
0
0
0
0
0
0
0
0
0
0
1
0
0
elevation31
31_hflow10000
31_hflow20000
31_hflow30000
0
3
500559
5581930
700
180
501242
5581614
1000
135
502128
5581708
2000
180
54
2700.0
1800.0
1000.0
35.0
20.0
0.0
0.0
0.0
0.0
0.05
-9999.0
-9999.0
-3.0
-9999.0
-3.0
0.0
-7.0
0.05
0.0
0.333
0.0
0.0
0.0
0.0
0.0
10.0
0.12
1.0
1.0
1.0
3.0
1.0
0.1
1.0
1.0
1.0
1.0
1.0
0.0
0.0
0.0
1.0
1.0
1.0
10.0
0.0
1.0
1.0
1.0
2.0
0.0
0.0
-6.0
0.0
0.001
0.1
10000
10000
5
300
1
0
0
0
0.40
0.001
31_
31_results/31_ascii/
31_results/31_files/
