nout	nsum	cfl	tlength	tsum	dmax1	vmax1	dmax2	vmax2	dmax3	vmax3	volume1	volume2	volume3	ekin
R	-----	-----	-----	-----	*1.00	-----	*0.00	-----	*24.72	-----	*105156.2	*0.0	*1488957.1	-----
0	0	-----	-----	0.0	1.00	0.00	0.00	0.00	24.72	0.00	105156.2	0.0	1488957.1	-----
1	13	0.399	16.3	5.3	1.76	23.72	0.00	0.00	24.23	12.23	105137.0	0.0	1488935.1	20199577600
2	30	0.395	12.8	10.0	1.96	34.86	0.00	0.00	23.63	12.42	105104.6	0.0	1488902.6	49992359936
3	51	0.367	11.5	15.1	1.98	39.34	0.00	0.00	24.21	13.39	105056.5	0.0	1488859.2	47508017152
4	74	0.366	11.1	20.2	2.05	35.92	0.00	0.00	24.49	13.53	105000.7	0.0	1488802.5	31979456512
5	95	0.366	11.8	25.0	2.10	34.96	0.00	0.00	24.26	13.51	104943.8	0.0	1488754.5	19995703296
6	116	0.362	12.1	30.1	2.16	33.79	0.00	0.00	24.10	13.28	104897.9	0.0	1488706.9	10026223616
7	137	0.362	12.1	35.2	2.06	33.19	0.00	0.00	24.36	13.14	104849.3	0.0	1488665.5	5691019264
8	157	0.363	12.1	40.0	1.82	32.71	0.00	0.00	24.49	13.09	104799.3	0.0	1488627.6	4145012224
9	178	0.362	12.1	45.1	1.66	28.99	0.00	0.00	24.41	13.19	104743.4	0.0	1488582.6	3436769280
10	199	0.363	12.1	50.2	1.53	25.72	0.00	0.00	24.39	13.41	104685.3	0.0	1488537.2	3107364608
11	219	0.363	12.1	55.1	1.44	25.32	0.00	0.00	24.47	13.36	104629.0	0.0	1488489.8	2935795200
12	240	0.362	12.1	60.2	1.36	22.93	0.00	0.00	24.48	13.26	104569.2	0.0	1488444.2	2785910784
13	260	0.362	12.1	65.0	1.31	21.14	0.00	0.00	24.44	13.14	104513.3	0.0	1488397.4	2652838912
14	281	0.362	12.1	70.2	1.43	18.48	0.00	0.00	24.40	13.14	104457.8	0.0	1488348.2	2538586368
15	301	0.363	12.2	75.0	1.51	16.20	0.00	0.00	24.35	13.21	104401.8	0.0	1488302.2	2438309888
16	322	0.362	12.3	80.2	1.56	18.89	0.00	0.00	24.30	13.26	104340.9	0.0	1488249.8	2335478528
17	342	0.362	12.2	85.1	1.57	22.89	0.00	0.00	24.24	13.30	104282.4	0.0	1488198.2	2257183744
18	362	0.362	12.3	90.0	1.57	21.86	0.00	0.00	24.20	13.31	104223.4	0.0	1488148.6	2192792064
19	383	0.364	12.3	95.2	1.56	21.08	0.00	0.00	24.20	13.25	104157.1	0.0	1488096.0	2121522176
20	403	0.363	12.4	100.1	1.55	20.45	0.00	0.00	24.22	13.23	104096.9	0.0	1488049.0	2073071744
21	423	0.367	12.5	105.1	1.54	19.99	0.00	0.00	24.24	13.19	104033.2	0.0	1488001.0	2038188288
22	443	0.364	12.5	110.0	1.52	19.55	0.00	0.00	24.24	13.18	103965.8	0.0	1487946.4	2003878656
23	464	0.367	12.5	115.2	1.50	19.06	0.00	0.00	24.24	13.15	103896.0	0.0	1487891.4	1958946816
24	484	0.368	12.4	120.2	1.48	18.72	0.00	0.00	24.22	13.15	103829.7	0.0	1487833.0	1920716544
25	504	0.366	12.5	125.2	1.46	18.31	0.00	0.00	24.21	13.10	103764.1	0.0	1487780.6	1886598912
26	524	0.366	12.5	130.2	1.44	18.00	0.00	0.00	24.21	13.07	103696.2	0.0	1487724.6	1860719360
27	544	0.365	12.5	135.2	1.42	17.76	0.00	0.00	24.22	13.04	103627.6	0.0	1487670.4	1842460416
28	564	0.366	12.5	140.2	1.40	17.49	0.00	0.00	24.25	13.07	103556.0	0.0	1487614.2	1830173952
29	584	0.367	12.5	145.2	1.38	17.28	0.00	0.00	24.28	13.11	103492.3	0.0	1487554.8	1816603264
30	604	0.367	12.5	150.2	1.36	17.05	0.00	0.00	24.30	13.11	103426.6	0.0	1487496.8	1793872640
31	624	0.367	12.5	155.2	1.35	16.93	0.00	0.00	24.31	13.16	103360.7	0.0	1487437.5	1776818048
32	643	0.367	12.5	160.0	1.33	16.85	0.00	0.00	24.31	13.14	103297.2	0.0	1487379.4	1753583744
33	663	0.367	12.5	165.1	1.31	16.72	0.00	0.00	24.31	13.11	103227.7	0.0	1487317.8	1732946688
34	683	0.368	12.6	170.1	1.29	16.69	0.00	0.00	24.31	13.12	103158.1	0.0	1487248.0	1718892544
35	703	0.366	12.6	175.2	1.28	16.59	0.00	0.00	24.31	13.10	103085.9	0.0	1487182.5	1704169984
36	722	0.365	12.7	180.0	1.26	16.55	0.00	0.00	24.29	13.10	103019.4	0.0	1487115.1	1690007040
37	742	0.365	12.8	185.2	1.25	16.48	0.00	0.00	24.27	13.11	102945.9	0.0	1487044.0	1674558592
38	761	0.363	12.9	190.0	1.23	16.46	0.00	0.00	24.25	13.09	102875.7	0.0	1486979.6	1657567360
39	781	0.362	12.8	195.2	1.21	16.40	0.00	0.00	24.23	13.07	102802.0	0.0	1486914.0	1641932288
40	800	0.362	12.9	200.1	1.20	16.36	0.00	0.00	24.22	13.05	102730.0	0.0	1486847.4	1629137408
41	820	0.361	12.9	205.3	1.18	16.29	0.00	0.00	24.22	13.03	102655.8	0.0	1486778.9	1620712704
42	839	0.363	12.9	210.2	1.17	16.25	0.00	0.00	24.23	13.03	102587.1	0.0	1486711.4	1615305472
43	858	0.364	12.9	215.1	1.16	16.17	0.00	0.00	24.24	13.03	102516.7	0.0	1486644.0	1609765504
44	877	0.367	12.9	220.0	1.14	16.27	0.00	0.00	24.25	13.05	102446.2	0.0	1486574.8	1604664832
45	897	0.367	12.9	225.2	1.13	16.20	0.00	0.00	24.25	13.02	102371.2	0.0	1486502.0	1596509056
46	916	0.368	12.9	230.1	1.12	16.09	0.00	0.00	24.25	13.01	102299.2	0.0	1486436.5	1590006016
47	936	0.368	12.9	235.2	1.10	16.05	0.00	0.00	24.25	13.03	102222.0	0.0	1486362.8	1585252992
48	955	0.369	12.9	240.1	1.09	16.06	0.00	0.00	24.26	13.03	102148.3	0.0	1486297.9	1579674112
49	974	0.369	12.9	245.0	1.08	16.02	0.00	0.00	24.26	13.02	102073.9	0.0	1486226.2	1574141056
50	994	0.369	12.9	250.2	1.07	16.03	0.00	0.00	24.27	13.05	101995.0	0.0	1486156.2	1567169664
51	1013	0.369	12.9	255.1	1.07	16.03	0.00	0.00	24.27	13.06	101921.4	0.0	1486087.1	1561832832
52	1032	0.369	12.9	260.0	1.06	16.03	0.00	0.00	24.27	13.06	101848.0	0.0	1486021.8	1555259776
53	1052	0.368	12.9	265.2	1.06	16.05	0.00	0.00	24.27	13.06	101768.9	0.0	1485952.9	1549723776
54	1071	0.367	12.9	270.1	1.05	16.03	0.00	0.00	24.27	13.04	101694.0	0.0	1485883.0	1543390976
55	1091	0.368	12.9	275.2	1.05	16.04	0.00	0.00	24.27	13.07	101614.2	0.0	1485809.0	1539188864
56	1110	0.368	12.9	280.1	1.05	16.04	0.00	0.00	24.26	13.05	101540.9	0.0	1485740.2	1534197248
57	1129	0.366	12.9	285.0	1.04	16.05	0.00	0.00	24.26	13.03	101463.5	0.0	1485675.1	1526583040
58	1149	0.367	12.9	290.2	1.04	16.02	0.00	0.00	24.25	13.05	101382.4	0.0	1485603.2	1520834560
59	1168	0.366	12.9	295.1	1.03	16.03	0.00	0.00	24.24	13.05	101305.4	0.0	1485533.5	1516414336
60	1187	0.367	12.9	300.0	1.03	16.02	0.00	0.00	24.24	13.03	101228.3	0.0	1485464.1	1511385216
