T	H1	V1	E1	Q1	H2	V2	E2	Q2	H3	V3	E3	Q3
0.0	0.00	0.00	0.00	0.00	0.00	0.00	0.00	0.00	0.00	0.00	0.00	0.00
50.1	0.28	17.74	0.00	895.65	0.00	0.00	0.00	0.00	12.22	18.53	0.00	27452.94
100.0	0.36	1.78	0.00	334.11	0.00	0.00	0.00	0.00	4.53	2.46	0.00	1264.69
150.1	0.39	1.06	0.00	266.40	0.00	0.00	0.00	0.00	4.16	1.72	0.00	797.43
200.0	0.43	0.67	0.00	251.51	0.00	0.00	0.00	0.00	3.94	1.32	0.00	623.52
250.1	0.48	0.39	0.00	244.75	0.00	0.00	0.00	0.00	3.88	1.02	0.00	520.29
300.1	0.56	0.21	0.00	235.48	0.00	0.00	0.00	0.00	3.98	0.81	0.00	461.96
350.1	0.66	0.12	0.00	250.78	0.00	0.00	0.00	0.00	4.07	0.70	0.00	434.48
400.1	0.79	0.07	0.00	246.73	0.00	0.00	0.00	0.00	4.22	0.61	0.00	399.53
450.1	0.95	0.05	0.00	212.00	0.00	0.00	0.00	0.00	4.52	0.55	0.00	382.23
500.0	1.12	0.05	0.00	209.32	0.00	0.00	0.00	0.00	4.73	0.53	0.00	384.43
550.1	1.33	0.12	0.00	210.46	0.00	0.00	0.00	0.00	4.94	0.50	0.00	387.49
600.0	1.57	0.03	0.00	198.42	0.00	0.00	0.00	0.00	5.13	0.47	0.00	385.56
650.0	1.85	0.09	0.00	203.13	0.00	0.00	0.00	0.00	5.31	0.45	0.00	392.86
700.1	2.18	0.15	0.00	197.12	0.00	0.00	0.00	0.00	5.42	0.42	0.00	389.36
750.1	2.57	0.05	0.00	200.16	0.00	0.00	0.00	0.00	5.53	0.40	0.00	391.34
800.1	2.98	0.05	0.00	188.82	0.00	0.00	0.00	0.00	5.51	0.39	0.00	393.22
850.1	3.45	0.16	0.00	250.86	0.00	0.00	0.00	0.00	5.43	0.38	0.00	377.58
900.1	4.00	0.14	0.00	277.13	0.00	0.00	0.00	0.00	5.33	0.36	0.00	377.22
950.1	4.62	0.16	0.00	296.76	0.00	0.00	0.00	0.00	5.24	0.35	0.00	375.73
1000.1	5.31	0.00	0.00	293.34	0.00	0.00	0.00	0.00	5.17	0.37	0.00	377.16
1050.0	6.07	0.01	0.00	342.10	0.00	0.00	0.00	0.00	5.09	0.39	0.00	386.81
1100.1	6.90	0.12	0.00	402.01	0.00	0.00	0.00	0.00	4.98	0.37	0.00	390.97
1150.2	7.79	0.19	0.00	471.50	0.00	0.00	0.00	0.00	4.85	0.36	0.00	395.12
1200.0	8.70	0.14	0.00	547.30	0.00	0.00	0.00	0.00	4.66	0.37	0.00	388.37
1250.2	9.63	0.14	0.00	562.24	0.00	0.00	0.00	0.00	4.42	0.37	0.00	383.50
1300.2	10.50	0.00	0.00	619.83	0.00	0.00	0.00	0.00	4.12	0.38	0.00	357.68
1350.2	11.30	0.05	0.00	633.74	0.00	0.00	0.00	0.00	3.76	0.36	0.00	337.48
1400.0	12.03	0.09	0.00	736.10	0.00	0.00	0.00	0.00	3.44	0.39	0.00	316.93
1450.1	12.69	0.03	0.00	802.61	0.00	0.00	0.00	0.00	3.12	0.41	0.00	304.86
1500.2	13.40	0.14	0.00	704.69	0.00	0.00	0.00	0.00	2.85	0.40	0.00	288.15
1550.0	14.13	0.01	0.00	733.69	0.00	0.00	0.00	0.00	2.58	0.45	0.00	273.82
1600.1	14.77	0.15	0.00	755.46	0.00	0.00	0.00	0.00	2.30	0.46	0.00	250.05
1650.1	15.40	0.00	0.00	849.48	0.00	0.00	0.00	0.00	2.04	0.46	0.00	235.40
1700.2	16.07	0.29	0.00	971.80	0.00	0.00	0.00	0.00	1.80	0.45	0.00	219.92
1750.2	16.71	0.23	0.00	1069.92	0.00	0.00	0.00	0.00	1.56	0.53	0.00	205.18
1800.1	17.10	0.18	0.00	1092.04	0.00	0.00	0.00	0.00	1.32	0.52	0.00	179.46
1850.1	17.18	0.23	0.00	1183.24	0.00	0.00	0.00	0.00	1.14	0.53	0.00	157.59
1900.0	17.48	0.03	0.00	1184.28	0.00	0.00	0.00	0.00	0.99	0.53	0.00	140.54
1950.1	17.62	0.17	0.00	1262.56	0.00	0.00	0.00	0.00	0.87	0.52	0.00	124.02
2000.1	17.94	0.01	0.00	1107.95	0.00	0.00	0.00	0.00	0.76	0.57	0.00	112.03
2050.0	18.38	0.22	0.00	1080.34	0.00	0.00	0.00	0.00	0.67	0.58	0.00	97.95
2100.2	18.73	0.03	0.00	1108.29	0.00	0.00	0.00	0.00	0.58	0.61	0.00	86.67
2150.1	18.85	0.04	0.00	1081.80	0.00	0.00	0.00	0.00	0.51	0.55	0.00	75.71
2200.1	18.80	0.23	0.00	1255.86	0.00	0.00	0.00	0.00	0.45	0.53	0.00	67.45
2250.1	18.78	0.06	0.00	1299.43	0.00	0.00	0.00	0.00	0.40	0.54	0.00	59.11
2300.1	18.63	0.10	0.00	1098.54	0.00	0.00	0.00	0.00	0.36	0.51	0.00	53.24
2350.1	18.44	0.12	0.00	1119.72	0.00	0.00	0.00	0.00	0.33	0.51	0.00	47.21
2400.0	18.28	0.17	0.00	1030.13	0.00	0.00	0.00	0.00	0.30	0.47	0.00	42.93
2450.0	18.16	0.13	0.00	1235.38	0.00	0.00	0.00	0.00	0.28	0.46	0.00	38.94
2500.1	17.97	0.03	0.00	956.12	0.00	0.00	0.00	0.00	0.26	0.44	0.00	36.08
2550.0	17.80	0.04	0.00	1087.85	0.00	0.00	0.00	0.00	0.24	0.44	0.00	32.96
2600.1	17.72	0.13	0.00	1168.38	0.00	0.00	0.00	0.00	0.23	0.42	0.00	30.45
2650.1	17.52	0.21	0.00	1140.07	0.00	0.00	0.00	0.00	0.22	0.40	0.00	27.99
2700.1	17.28	0.09	0.00	939.16	0.00	0.00	0.00	0.00	0.21	0.39	0.00	26.76
2750.1	17.09	0.13	0.00	1005.22	0.00	0.00	0.00	0.00	0.20	0.37	0.00	24.92
2800.1	16.96	0.16	0.00	1137.23	0.00	0.00	0.00	0.00	0.19	0.37	0.00	23.37
2850.0	16.81	0.03	0.00	985.48	0.00	0.00	0.00	0.00	0.19	0.36	0.00	22.03
2900.1	16.74	0.11	0.00	1039.17	0.00	0.00	0.00	0.00	0.18	0.37	0.00	21.29
2950.1	16.91	0.06	0.00	902.12	0.00	0.00	0.00	0.00	0.17	0.35	0.00	19.65
3000.0	16.97	0.07	0.00	794.65	0.00	0.00	0.00	0.00	0.16	0.36	0.00	18.73
3050.0	17.04	0.17	0.00	954.14	0.00	0.00	0.00	0.00	0.16	0.35	0.00	17.63
3100.0	17.33	0.11	0.00	835.60	0.00	0.00	0.00	0.00	0.15	0.40	0.00	16.98
3150.0	17.52	0.00	0.00	731.89	0.00	0.00	0.00	0.00	0.14	0.38	0.00	15.98
3200.0	17.57	0.12	0.00	845.79	0.00	0.00	0.00	0.00	0.13	0.39	0.00	15.35
3250.0	17.52	0.08	0.00	916.74	0.00	0.00	0.00	0.00	0.13	0.36	0.00	14.55
3300.1	17.55	0.00	0.00	820.59	0.00	0.00	0.00	0.00	0.13	0.35	0.00	13.99
3350.0	17.57	0.02	0.00	952.27	0.00	0.00	0.00	0.00	0.12	0.35	0.00	13.35
3400.1	17.57	0.00	0.00	969.57	0.00	0.00	0.00	0.00	0.12	0.36	0.00	12.76
3450.0	17.59	0.09	0.00	896.04	0.00	0.00	0.00	0.00	0.11	0.35	0.00	12.21
3500.1	17.97	0.06	0.00	758.97	0.00	0.00	0.00	0.00	0.11	0.38	0.00	12.12
3550.1	18.21	0.00	0.00	745.22	0.00	0.00	0.00	0.00	0.10	0.39	0.00	11.66
3600.1	18.39	0.19	0.00	1045.93	0.00	0.00	0.00	0.00	0.10	0.39	0.00	11.18
